================================================================================
Retargeting Benchmark 汇总
================================================================================

── shadow_hand (config/shadow_hand.yaml) ──
    帧号        Loss     迭代      耗时(ms)
----------------------------------------
    40      9.6319     17         9.4
    80     15.0137     27        19.0
   215      9.8490     20        10.7
   304     12.9909     34        17.6
   417      9.8907     13         7.3
   582      3.2836     21        11.6
   642     12.1012     35        18.5
----------------------------------------
    平均     10.3944   23.9        13.4
    最大     15.0137     35        19.0
    最小      3.2836     13         7.3

── wuji_hand (config/wuji_hand.yaml) ──
    帧号        Loss     迭代      耗时(ms)
----------------------------------------
    40     10.4055     17         9.1
    80      9.8529     30        17.4
   215     12.0160     29        15.0
   304     10.2110     28        23.9
   417      9.9015     25        12.8
   582      3.8930     29        16.5
   642      5.1341     34        16.9
----------------------------------------
    平均      8.7734   27.4        15.9
    最大     12.0160     34        23.9
    最小      3.8930     17         9.1

── allegro_hand (config/allegro_hand.yaml) ──
    帧号        Loss     迭代      耗时(ms)
----------------------------------------
    40     63.2933     13        10.1
    80     34.9927     38        15.9
   215     61.0872     19         8.3
   304     63.9904     36        16.0
   417     60.5307     16         7.2
   582     57.8446     13         6.2
   642     51.3583     18        10.3
----------------------------------------
    平均     56.1567   21.9        10.6
    最大     63.9904     38        16.0
    最小     34.9927     13         6.2

── inspire_hand (config/inspire_hand.yaml) ──
    帧号        Loss     迭代      耗时(ms)
----------------------------------------
    40     34.0541     13         9.8
    80     49.5122      9        10.2
   215     40.6670     22        11.2
   304     37.7387     13         7.2
   417     38.2581     13        13.8
   582     32.1922     13        11.9
   642     32.7816     17         8.8
----------------------------------------
    平均     37.8863   14.3        10.4
    最大     49.5122     22        13.8
    最小     32.1922      9         7.2

── ability_hand (config/ability_hand.yaml) ──
    帧号        Loss     迭代      耗时(ms)
----------------------------------------
    40     35.3829     17        10.5
    80     35.5155     13        10.1
   215     34.2612     17        13.7
   304     34.6076     25        12.6
   417     35.2007     13         7.6
   582     29.6974     19        16.3
   642     27.3934     12         6.9
----------------------------------------
    平均     33.1513   16.6        11.1
    最大     35.5155     25        16.3
    最小     27.3934     12         6.9

── leap_hand (config/leap_hand.yaml) ──
    帧号        Loss     迭代      耗时(ms)
----------------------------------------
    40     19.6332     24        11.4
    80     19.5507     42        17.0
   215     16.9474     29        11.8
   304     18.2293     37        15.5
   417     19.8680     23        13.3
   582     13.8358     17         7.5
   642     16.3374     23        13.2
----------------------------------------
    平均     17.7717   27.9        12.8
    最大     19.8680     42        17.0
    最小     13.8358     17         7.5

── svh_hand (config/svh_hand.yaml) ──
    帧号        Loss     迭代      耗时(ms)
----------------------------------------
    40     21.5957     24        12.7
    80     41.8055     17        16.3
   215     24.4401     17         9.4
   304     24.0974     21        11.7
   417     24.9468     21        11.4
   582     20.8448     20        10.6
   642     29.8830     20        10.9
----------------------------------------
    平均     26.8019   20.0        11.9
    最大     41.8055     24        16.3
    最小     20.8448     17         9.4

── linkerhand_l21 (config/linkerhand_l21.yaml) ──
    帧号        Loss     迭代      耗时(ms)
----------------------------------------
    40      9.1815     32        17.8
    80     35.2397     22        13.2
   215     15.0245     31        17.2
   304     17.7966     27        19.5
   417     15.6465     17        10.1
   582     10.5515     34        19.6
   642     19.5475     24        14.2
----------------------------------------
    平均     17.5697   26.7        15.9
    最大     35.2397     34        19.6
    最小      9.1815     17        10.1

── rohand (config/rohand.yaml) ──
    帧号        Loss     迭代      耗时(ms)
----------------------------------------
    40     67.7771     10         6.1
    80     49.4922     27        14.9
   215     67.4096     13         7.4
   304     65.9243      9         6.1
   417     68.0856      7         4.6
   582     65.3059     11         7.0
   642     48.1822      7         4.6
----------------------------------------
    平均     61.7396   12.0         7.2
    最大     68.0856     27        14.9
    最小     48.1822      7         4.6

── unitree_dex5_hand (config/unitree_dex5_hand.yaml) ──
    帧号        Loss     迭代      耗时(ms)
----------------------------------------
    40     62.1237     16        11.4
    80     50.2814     11         6.5
   215     58.1751     11         6.5
   304     52.4924     17        11.7
   417     56.1770     13         8.0
   582     52.9189     16         9.4
   642     47.9986     13         8.0
----------------------------------------
    平均     54.3096   13.9         8.8
    最大     62.1237     17        11.7
    最小     47.9986     11         6.5